! observed energy [keV]        # of counts
      155                          835
      165                          878
      175                          919
      185                          937
      195                          995
      205                         1048
      215                         1175
      225                         1244
      235                         1212
      245                         1313
      255                         1351
      265                         1430
      275                         1498
      285                         1458
      295                         1587
      305                         1653
      315                         1673
      325                         1756
      335                         1814
      345                         1840
      355                         1844
      365                         2032
      375                         2011
      385                         2069
      395                         2170
      405                         2236
      415                         2333
      425                         2258
      435                         2338
      445                         2427
      455                         2448
      465                         2645
      475                         2624
      485                         2544
      495                         2704
      505                         2809
      515                         2846
      525                         2873
      535                         2987
      545                         2935
      555                         3121
      565                         3174
      575                         3098
      585                         3191
      595                         3211
      605                         3445
      615                         3417
      625                         3434
      635                         3514
      645                         3516
      655                         3606
      665                         3817
      675                         3645
      685                         3904
      695                         3940
      705                         3941
      715                         3969
      725                         4108
      735                         4111
      745                         4100
      755                         4296
      765                         4306
      775                         4346
      785                         4406
      795                         4457
      805                         4538
      815                         4595
      825                         4645
      835                         4646
      845                         4825
      855                         4749
      865                         4727
      875                         5079
      885                         4946
      895                         5005
      905                         5142
      915                         5216
      925                         5248
      935                         5307
      945                         5304
      955                         5353
      965                         5518
      975                         5469
      985                         5549
      995                         5521
     1005                         5739
     1015                         5754
     1025                         5909
     1035                         5875
     1045                         5987
     1055                         6063
     1065                         6148
     1075                         6055
     1085                         6156
     1095                         6151
     1105                         6183
     1115                         6135
     1125                         6234
     1135                         6408
     1145                         6629
     1155                         6634
     1165                         6609
     1175                         6756
     1185                         6657
     1195                         6727
     1205                         6826
     1215                         6897
     1225                         6952
     1235                         6917
     1245                         7039
     1255                         7047
     1265                         7201
     1275                         7198
     1285                         7308
     1295                         7418
     1305                         7278
     1315                         7380
     1325                         7507
     1335                         7573
     1345                         7502
     1355                         7665
     1365                         7666
     1375                         7503
     1385                         7710
     1395                         7785
     1405                         7805
     1415                         7960
     1425                         7960
     1435                         7873
     1445                         7885
     1455                         7953
     1465                         8211
     1475                         8129
     1485                         8274
     1495                         8207
     1505                         8230
     1515                         8389
     1525                         8533
     1535                         8416
     1545                         8394
     1555                         8382
     1565                         8495
     1575                         8730
     1585                         8647
     1595                         8736
     1605                         8627
     1615                         8811
     1625                         8758
     1635                         8918
     1645                         8916
     1655                         8897
     1665                         9063
     1675                         9021
     1685                         8988
     1695                         9075
     1705                         9065
     1715                         9228
     1725                         9320
     1735                         9482
     1745                         9258
     1755                         9181
     1765                         9429
     1775                         9250
     1785                         9544
     1795                         9563
     1805                         9432
     1815                         9371
     1825                         9543
     1835                         9360
     1845                         9736
     1855                         9493
     1865                         9722
     1875                         9804
     1885                         9814
     1895                         9811
     1905                         9830
     1915                         9866
     1925                         9858
     1935                        10026
     1945                        10119
     1955                         9958
     1965                         9753
     1975                         9888
     1985                        10042
     1995                         9973
     2005                        10126
     2015                        10207
     2025                        10242
     2035                        10121
     2045                        10202
     2055                        10169
     2065                        10224
     2075                        10257
     2085                        10260
     2095                        10299
     2105                        10251
     2115                        10372
     2125                        10441
     2135                        10370
     2145                        10566
     2155                        10512
     2165                        10342
     2175                        10428
     2185                        10359
     2195                        10448
     2205                        10578
     2215                        10439
     2225                        10564
     2235                        10535
     2245                        10676
     2255                        10581
     2265                        10658
     2275                        10525
     2285                        10706
     2295                        10628
     2305                        10594
     2315                        10766
     2325                        10717
     2335                        10584
     2345                        10780
     2355                        10752
     2365                        10641
     2375                        10658
     2385                        10694
     2395                        10575
     2405                        10791
     2415                        10832
     2425                        10998
     2435                        10758
     2445                        10829
     2455                        10633
     2465                        10861
     2475                        10811
     2485                        10863
     2495                        10614
     2505                        10627
     2515                        10798
     2525                        10856
     2535                        10786
     2545                        10636
     2555                        10747
     2565                        10722
     2575                        10719
     2585                        10776
     2595                        10727
     2605                        10828
     2615                        10594
     2625                        10635
     2635                        10803
     2645                        10717
     2655                        10765
     2665                        10897
     2675                        10542
     2685                        10516
     2695                        10804
     2705                        10696
     2715                        10529
     2725                        10961
     2735                        10666
     2745                        10701
     2755                        10698
     2765                        10922
     2775                        10550
     2785                        10582
     2795                        10408
     2805                        10509
     2815                        10572
     2825                        10547
     2835                        10571
     2845                        10737
     2855                        10442
     2865                        10441
     2875                        10391
     2885                        10496
     2895                        10500
     2905                        10413
     2915                        10487
     2925                        10339
     2935                        10265
     2945                        10457
     2955                        10412
     2965                        10249
     2975                        10067
     2985                        10239
     2995                        10165
     3005                        10289
     3015                        10241
     3025                        10295
     3035                        10060
     3045                        10126
     3055                        10339
     3065                        10087
     3075                        10026
     3085                        10168
     3095                        10034
     3105                        10108
     3115                         9971
     3125                        10064
     3135                         9644
     3145                         9962
     3155                         9781
     3165                         9738
     3175                         9671
     3185                         9722
     3195                         9852
     3205                         9496
     3215                         9591
     3225                         9473
     3235                         9817
     3245                         9596
     3255                         9388
     3265                         9384
     3275                         9522
     3285                         9227
     3295                         9290
     3305                         9307
     3315                         9396
     3325                         9160
     3335                         9484
     3345                         9354
     3355                         9030
     3365                         9169
     3375                         8964
     3385                         9170
     3395                         8933
     3405                         8914
     3415                         8935
     3425                         8814
     3435                         8801
     3445                         8771
     3455                         8861
     3465                         8853
     3475                         8791
     3485                         8778
     3495                         8729
     3505                         8591
     3515                         8471
     3525                         8339
     3535                         8562
     3545                         8350
     3555                         8204
     3565                         8095
     3575                         8255
     3585                         8165
     3595                         8094
     3605                         8019
     3615                         8014
     3625                         8196
     3635                         7946
     3645                         8029
     3655                         7943
     3665                         7790
     3675                         7623
     3685                         7823
     3695                         7747
     3705                         7597
     3715                         7554
     3725                         7804
     3735                         7403
     3745                         7573
     3755                         7276
     3765                         7374
     3775                         7343
     3785                         7292
     3795                         7223
     3805                         6896
     3815                         7127
     3825                         7046
     3835                         7092
     3845                         7019
     3855                         6821
     3865                         6858
     3875                         6788
     3885                         6713
     3895                         6522
     3905                         6706
     3915                         6535
     3925                         6565
     3935                         6558
     3945                         6231
     3955                         6391
     3965                         6418
     3975                         6219
     3985                         6014
     3995                         6235
     4005                         5919
     4015                         5970
     4025                         5958
     4035                         5965
     4045                         5964
     4055                         5816
     4065                         5744
     4075                         5768
     4085                         5667
     4095                         5458
     4105                         5558
     4115                         5435
     4125                         5314
     4135                         5477
     4145                         5300
     4155                         5368
     4165                         5130
     4175                         5134
     4185                         5019
     4195                         5027
     4205                         4978
     4215                         4905
     4225                         5002
     4235                         4838
     4245                         4732
     4255                         4723
     4265                         4577
     4275                         4505
     4285                         4517
     4295                         4520
     4305                         4467
     4315                         4269
     4325                         4338
     4335                         4194
     4345                         4248
     4355                         4110
     4365                         4062
     4375                         3949
     4385                         4005
     4395                         3924
     4405                         3874
     4415                         3895
     4425                         3856
     4435                         3650
     4445                         3616
     4455                         3624
     4465                         3566
     4475                         3422
     4485                         3430
     4495                         3353
     4505                         3359
     4515                         3253
     4525                         3205
     4535                         3344
     4545                         3068
     4555                         2990
     4565                         3032
     4575                         2929
     4585                         2903
     4595                         2984
     4605                         2781
     4615                         2756
     4625                         2671
     4635                         2612
     4645                         2591
     4655                         2561
     4665                         2427
     4675                         2472
     4685                         2421
     4695                         2279
     4705                         2232
     4715                         2253
     4725                         2166
     4735                         2123
     4745                         2084
     4755                         2070
     4765                         2006
     4775                         2024
     4785                         1987
     4795                         1799
     4805                         1886
     4815                         1800
     4825                         1787
     4835                         1706
     4845                         1766
     4855                         1619
     4865                         1507
     4875                         1562
     4885                         1453
     4895                         1453
     4905                         1334
     4915                         1367
     4925                         1275
     4935                         1251
     4945                         1246
     4955                         1190
     4965                         1138
     4975                         1061
     4985                         1019
     4995                          947
     5005                          966
     5015                          965
     5025                          944
     5035                          862
     5045                          816
     5055                          844
     5065                          743
     5075                          750
     5085                          719
     5095                          706
     5105                          627
     5115                          603
     5125                          548
     5135                          518
     5145                          540
     5155                          464
     5165                          455
     5175                          426
     5185                          376
     5195                          382
     5205                          355
     5215                          328
     5225                          314
     5235                          255
     5245                          225
     5255                          215
     5265                          236
     5275                          165
     5285                          125
     5295                          146
     5305                          135
     5315                          133
     5325                           77
     5335                           72
     5345                           63
     5355                           21
     5365                            0
     5375                            0
     5385                            0
     5395                            0
     5405                            0
     5415                            0
     5425                            0
     5435                            0
     5445                            0
     5455                            0
     5465                            0
     5475                            0
     5485                            0
     5495                            0
     5505                            0
     5515                            0
     5525                            0
     5535                            0
     5545                            0
     5555                            0
     5565                            0
     5575                            0
     5585                            0
     5595                            0
     5605                            0
     5615                            0
     5625                            0
     5635                            0
     5645                            0
     5655                            0
     5665                            0
     5675                            0
     5685                            0
     5695                            0
     5705                            0
     5715                            0
     5725                            0
     5735                            0
     5745                            0
     5755                            0
     5765                            0
     5775                            0
     5785                            0
     5795                            0
     5805                            0
     5815                            0
     5825                            0
     5835                            0
     5845                            0
     5855                            0
     5865                            0
     5875                            0
     5885                            0
     5895                            0
     5905                            0
     5915                            0
     5925                            0
     5935                            0
     5945                            0
     5955                            0
     5965                            0
     5975                            0
     5985                            0
     5995                            0
